%YAML:1.0
---
calibration_time: "Tue 28 Feb 2021 04:02:02 PM CET"
image_width: 640
image_height: 480
flags: 0
camera_matrix: !!opencv-matrix
   rows: 3
   cols: 3
   dt: d
   data: [ 6.87497246312774e+02, 0., 3.007999356548882e+02, 0.,
       6.9169786165787620e+02, 3.054399788765402e+02, 0., 0., 1. ]
distortion_coefficients: !!opencv-matrix
   rows: 1
   cols: 5
   dt: d
   data: [ 1.716817860764946e-01, -1.2252963736762250e-02,
       -3.0333076638128460e-04, -2.6735683839391450e-03,
       1.6547444868453295e-05 ]
avg_reprojection_error: 1.2025225757564226e+00