%YAML:1.0
---
codeid: fractalmarkers
mInfoType: 0
fractal_levels: 2
fractal_external_id: 0
markers:
   - { id:0, bits:[ 0, 0, 1, 0, 1, 1, 1, 1, 0, 0, 0, 0, 1, 0, 1, 1, 1, 1,
       1, 1, 1, 1, 1, 1, 0, 1, 1, 0, 0, 1, 0, 1, 1, 0, 1, 0, 0, 1, 0, 1,
       0, 1, 1, 1, 1, 1, 0, 0, 0, 1, 0, 1, 0, 0, 1, 1, 0, 0, 1, 0, 0, 0,
       1, 1 ], corners:[ [ -500., 500., 0. ], [ 500., 500., 0. ], [ 500.,
       -500., 0. ], [ -500., -500., 0. ] ], submarkers_id:[ 1 ] }
   - { id:1, bits:[ 0, 1, 1, 0 ], corners:[ [ -100., 100., 0. ], [ 100.,
       100., 0. ], [ 100., -100., 0. ], [ -100., -100., 0. ] ],
       submarkers_id:[] }
