%YAML:1.0
---
codeid: fractalmarkers
mInfoType: 0
fractal_levels: 3
fractal_external_id: 0
markers:
   - { id:0, bits:[ 1, 0, 0, 0, 1, 0, 1, 1, 1, 0, 0, 1, 0, 1, 0, 1, 0, 0,
       0, 1, 1, 0, 0, 1, 1, 1, 1, 1, 1, 1, 1, 1, 1, 1, 0, 0, 1, 0, 1, 0,
       0, 0, 0, 0, 0, 1, 1, 1, 1, 1, 1, 0, 0, 0, 0, 0, 0, 1, 0, 0, 1, 0,
       1, 0, 0, 0, 0, 0, 0, 1, 0, 1, 0, 1, 1, 0, 0, 0, 0, 0, 0, 1, 0, 1,
       1, 0, 1, 0, 0, 0, 0, 0, 0, 1, 1, 0, 0, 0, 1, 0, 0, 0, 0, 0, 0, 1,
       0, 1, 1, 0, 1, 1, 1, 1, 1, 1, 1, 1, 0, 0, 1, 0, 1, 1, 0, 0, 0, 1,
       1, 0, 1, 1, 0, 1, 1, 1, 0, 0, 1, 1, 0, 1, 0, 1 ], corners:[ [
       -1750., 1750., 0. ], [ 1750., 1750., 0. ], [ 1750., -1750., 0. ],
       [ -1750., -1750., 0. ] ], submarkers_id:[ 1 ] }
   - { id:1, bits:[ 0, 0, 0, 1, 0, 0, 1, 0, 1, 0, 1, 1, 1, 0, 0, 1, 1, 1,
       1, 1, 1, 1, 0, 1, 0, 1, 1, 0, 0, 1, 1, 1, 1, 1, 1, 0, 0, 1, 1, 0,
       1, 0, 1, 1, 1, 1, 0, 1, 0, 0, 0, 0, 0, 0, 0, 1, 1, 1, 0, 1, 1, 0,
       0, 1 ], corners:[ [ -750., 750., 0. ], [ 750., 750., 0. ], [ 750.,
       -750., 0. ], [ -750., -750., 0. ] ], submarkers_id:[ 2 ] }
   - { id:2, bits:[ 0, 0, 1, 1, 0, 1, 0, 1, 1, 1, 1, 0, 0, 0, 0, 1 ],
       corners:[ [ -150., 150., 0. ], [ 150., 150., 0. ], [ 150., -150.,
       0. ], [ -150., -150., 0. ] ], submarkers_id:[] }
